80    191 824 2500	4300 6000 11000 16500				
1.26  1.3 1.4  1.5	 1.6  1.7	2.2	  2.5	

DRAG:
 750   65     250       22670
1350   98     500       22780
2100  128     750       22371
2500m 146m/s 1000kN    maybe worse aoa
2850  154    1000       22500  4.5%
4400  200    1500  
4500  208    1500       22900  6.5%
6700  270    2000
6700  275    2000       23335  8.5%
7600  300    3000       23318  13%
8300  322    4000       23240  17.5%
8800  306    3000
10700 405    4000       26879
11000 400    3500
14000 541    2500       27223
16000 600    2000
16500 640    2000       27323
17500 685	 1500
19000 725    1500       16000
22000 800    1000
25000 800     500
34000 950     100
42000 1340     50
55000 1725     10

20km pi/6
list( 0,   1064,1450,2323,3525,4658,5840,7053,8381,9809,11384,13128), 
list( 0,	 1,2,5,10,15,20,25,30,35,40,45)).
~900 ON WHD

20km pi/6
list( 0,   558,810,1441,2397,3341,4322,5388,6541,7849,9327,11121), 
list( 0,	 1,2,5,10,15,20,25,30,35,40,45)).
973 on WHD

same no speed limit][]
990 on WHD